1.input=5
12345
12345
12345
12345
12345

2.input=5

ABCDE
ABCDE
ABCDE
ABCDE
ABCDE

3.input=5
ABCDE
FGHIJ
KLMNO
PQRST
UVWXY

4.input=5
*****
*   *
*   *
*   *
*****


5.input=5
*
* *
*   *
*      *
* * * * *


6.input=5
*   *
 * *
  *
 * *
*   *


7.input=3
1   5
 2 4
  3
 2 4
1   5


8.input=6
1
2 1
3 2 1
4 3 2 1
5 4 3 2 1

9.input=5
1 2 3 4 5
1 2 3 4
1 2 3
1 2
1


10.input=5
1
10
101
1010
10101


11.input=5


1 1 1 1 1 1 1 1 1
1 2 2 2 2 2 2 2 1
1 2 3 3 3 3 3 2 1
1 2 3 4 4 4 3 2 1
1 2 3 4 5 4 3 2 1
1 2 3 4 4 4 3 2 1
1 2 3 3 3 3 3 2 1
1 2 2 2 2 2 2 2 1
1 1 1 1 1 1 1 1 1


12.input=5
 1   2  3  4 5
 10  9  8  7 6
 11 12 13 14 15
 20 19 18 17 16
 21 22 23 24 25









